  0.0000000e+000  4.4866823e-001
  3.6000000e+002  6.3319138e-001
  7.2000000e+002  8.1818182e-001
  1.0800000e+003  1.0031722e+000
  1.4400000e+003  1.1876954e+000
  1.8000000e+003  1.3712852e+000
  2.1600000e+003  1.5534776e+000
  2.5200000e+003  1.7338128e+000
  2.8800000e+003  1.9118349e+000
  3.2400000e+003  2.0870944e+000
  3.6000000e+003  2.2591485e+000
  3.9600000e+003  2.4275626e+000
  4.3200000e+003  2.5919112e+000
  4.6800000e+003  2.7517793e+000
  5.0400000e+003  2.9067630e+000
  5.4000000e+003  3.0564706e+000
  5.7600000e+003  3.2005242e+000
  6.1200000e+003  3.3385598e+000
  6.4800000e+003  3.4702287e+000
  6.8400000e+003  3.5951983e+000
  7.2000000e+003  3.7131528e+000
  7.5600000e+003  3.8237945e+000
  7.9200000e+003  3.9268438e+000
  8.2800000e+003  4.0220402e+000
  8.6400000e+003  4.1091434e+000
  9.0000000e+003  4.1879334e+000
  9.3600000e+003  4.2582111e+000
  9.7200000e+003  4.3197990e+000
  1.0080000e+004  4.3725415e+000
  1.0440000e+004  4.4163054e+000
  1.0800000e+004  4.4509800e+000
  1.1160000e+004  4.4764780e+000
  1.1520000e+004  4.4927348e+000
  1.1880000e+004  4.4997093e+000
  1.2240000e+004  4.4973839e+000
  1.2600000e+004  4.4857646e+000
  1.2960000e+004  4.4648807e+000
  1.3320000e+004  4.4347849e+000
  1.3680000e+004  4.3955532e+000
  1.4040000e+004  4.3472848e+000
  1.4400000e+004  4.2901015e+000
  1.4760000e+004  4.2241479e+000
  1.5120000e+004  4.1495905e+000
  1.5480000e+004  4.0666177e+000
  1.5840000e+004  3.9754391e+000
  1.6200000e+004  3.8762849e+000
  1.6560000e+004  3.7694057e+000
  1.6920000e+004  3.6550715e+000
  1.7280000e+004  3.5335710e+000
  1.7640000e+004  3.4052113e+000
  1.8000000e+004  3.2703164e+000
  1.8360000e+004  3.1292273e+000
  1.8720000e+004  2.9823002e+000
  1.9080000e+004  2.8299065e+000
  1.9440000e+004  2.6724309e+000
  1.9800000e+004  2.5102713e+000
  2.0160000e+004  2.3438374e+000
  2.0520000e+004  2.1735495e+000
  2.0880000e+004  1.9998378e+000
  2.1240000e+004  1.8231412e+000
  2.1600000e+004  1.6439060e+000
  2.1960000e+004  1.4625849e+000
  2.2320000e+004  1.2796360e+000
  2.2680000e+004  1.0955214e+000
  2.3040000e+004  9.1070624e-001
  2.3400000e+004  7.2565738e-001
  2.3760000e+004  5.4084222e-001
