no,fraction,system
         1   0.2500000E+04         5
         2   0.2500000E+04         5
         3   0.2500000E+04         5
         4   0.2500000E+04         5
         5   0.2500000E+04         5
         6   0.2500000E+04         5
         7   0.2500000E+04         5
         8   0.2500000E+04         5
         9   0.2500000E+04         5
        10   0.2500000E+04         5
        11   0.2500000E+04         5
        12   0.2500000E+04         5
        13   0.2500000E+04         5
        14   0.2500000E+04         5
        15   0.2500000E+04         5
        16   0.2500000E+04         5
        17   0.2500000E+04         5
        18   0.2500000E+04         5
        19   0.2500000E+04         5
        20   0.2500000E+04         5
        21   0.2500000E+04         5
        22   0.2500000E+04         5
        23   0.2500000E+04         5
        24   0.2500000E+04         5
        25   0.2500000E+04         5
        26   0.2500000E+04         5
        27   0.2500000E+04         5
        28   0.2500000E+04         5
        29   0.2500000E+04         5
        30   0.2500000E+04         5
        31   0.2500000E+04         5
        32   0.2500000E+04         5
        33   0.2500000E+04         5
        34   0.2500000E+04         5
        35   0.2500000E+04         5
        36   0.2500000E+04         5
        37   0.2500000E+04         5
        38   0.2500000E+04         5
        39   0.2500000E+04         5
        40   0.2500000E+04         5
        41   0.2500000E+04         5
        42   0.2500000E+04         5
        43   0.2500000E+04         5
        44   0.2500000E+04         5
        45   0.2500000E+04         5
        46   0.2500000E+04         5
        47   0.2500000E+04         5
        48   0.2500000E+04         5
        49   0.2500000E+04         5
        50   0.2500000E+04         5
        51   0.2500000E+04         5
        52   0.2500000E+04         5
        53   0.2500000E+04         5
        54   0.2500000E+04         5
        55   0.2500000E+04         5
        56   0.2500000E+04         5
        57   0.2500000E+04         5
        58   0.2500000E+04         5
        59   0.2500000E+04         5
        60   0.2500000E+04         5
        61   0.2500000E+04         5
        62   0.2500000E+04         5
        63   0.2500000E+04         5
        64   0.2500000E+04         5
        65   0.2500000E+04         5
        66   0.2500000E+04         5
        67   0.2500000E+04         5
        68   0.2500000E+04         5
        69   0.2500000E+04         5
        70   0.2500000E+04         5
        71   0.2500000E+04         5
        72   0.2500000E+04         5
        73   0.2500000E+04         5
        74   0.2500000E+04         5
        75   0.2500000E+04         5
        76   0.2500000E+04         5
        77   0.2500000E+04         5
        78   0.2500000E+04         5
        79   0.2500000E+04         5
        80   0.2500000E+04         5
        81   0.2500000E+04         5
        82   0.2500000E+04         5
        83   0.2500000E+04         5
        84   0.2500000E+04         5
        85   0.2500000E+04         5
        86   0.2500000E+04         5
        87   0.2500000E+04         5
        88   0.2500000E+04         5
        89   0.2500000E+04         5
        90   0.2500000E+04         5
        91   0.2500000E+04         5
        92   0.2500000E+04         5
        93   0.2500000E+04         5
        94   0.2500000E+04         5
        95   0.2500000E+04         5
        96   0.2500000E+04         5
        97   0.2500000E+04         5
        98   0.2500000E+04         5
        99   0.2500000E+04         5
       100   0.2500000E+04         5
       101   0.2500000E+04         5
       102   0.2500000E+04         5
       103   0.2500000E+04         5
       104   0.2500000E+04         5
       105   0.2500000E+04         5
       106   0.2500000E+04         5
       107   0.2500000E+04         5
       108   0.2500000E+04         5
       109   0.2500000E+04         5
       110   0.2500000E+04         5
       111   0.2500000E+04         5
       112   0.2500000E+04         5
       113   0.2500000E+04         5
       114   0.2500000E+04         5
       115   0.2500000E+04         5
       116   0.2500000E+04         5
       117   0.2500000E+04         5
       118   0.2500000E+04         5
       119   0.2500000E+04         5
       120   0.2500000E+04         5
       121   0.2500000E+04         5
       122   0.2500000E+04         5
       123   0.2500000E+04         5
       124   0.2500000E+04         5
       125   0.2500000E+04         5
       126   0.2500000E+04         5
       127   0.2500000E+04         5
       128   0.2500000E+04         5
       129   0.2500000E+04         5
       130   0.2500000E+04         5
       131   0.2500000E+04         5
       132   0.2500000E+04         5
       133   0.2500000E+04         5
       134   0.2500000E+04         5
       135   0.2500000E+04         5
       136   0.2500000E+04         5
       137   0.2500000E+04         5
       138   0.2500000E+04         5
       139   0.2500000E+04         5
       140   0.2500000E+04         5
       141   0.2500000E+04         5
       142   0.2500000E+04         5
       143   0.2500000E+04         5
       144   0.2500000E+04         5
       145   0.2500000E+04         5
       146   0.2500000E+04         5
       147   0.2500000E+04         5
       148   0.2500000E+04         5
       149   0.2500000E+04         5
       150   0.2500000E+04         5
       151   0.2500000E+04         5
       152   0.2500000E+04         5
       153   0.2500000E+04         5
       154   0.2500000E+04         5
       155   0.2500000E+04         5
       156   0.2500000E+04         5
       157   0.2500000E+04         5
       158   0.2500000E+04         5
       159   0.2500000E+04         5
       160   0.2500000E+04         5
       161   0.2500000E+04         5
       162   0.2500000E+04         5
       163   0.2500000E+04         5
       164   0.2500000E+04         5
       165   0.2500000E+04         5
       166   0.2500000E+04         5
       167   0.2500000E+04         5
       168   0.2500000E+04         5
       169   0.2500000E+04         5
       170   0.2500000E+04         5
       171   0.2500000E+04         5
       172   0.2500000E+04         5
       173   0.2500000E+04         5
       174   0.2500000E+04         5
       175   0.2500000E+04         5
       176   0.2500000E+04         5
       177   0.2500000E+04         5
       178   0.2500000E+04         5
       179   0.2500000E+04         5
       180   0.2500000E+04         5
       181   0.2500000E+04         5
       182   0.2500000E+04         5
       183   0.2500000E+04         5
       184   0.2500000E+04         5
       185   0.2500000E+04         5
       186   0.2500000E+04         5
       187   0.2500000E+04         5
       188   0.2500000E+04         5
       189   0.2500000E+04         5
       190   0.2500000E+04         5
       191   0.2500000E+04         5
       192   0.2500000E+04         5
       193   0.2500000E+04         5
       194   0.2500000E+04         5
       195   0.2500000E+04         5
       196   0.2500000E+04         5
       197   0.2500000E+04         5
       198   0.2500000E+04         5
       199   0.2500000E+04         5
       200   0.2500000E+04         5
       201   0.2500000E+04         5
       202   0.2500000E+04         5
       203   0.2500000E+04         5
       204   0.2500000E+04         5
       205   0.2500000E+04         5
       206   0.2500000E+04         5
       207   0.2500000E+04         5
       208   0.2500000E+04         5
       209   0.2500000E+04         5
       210   0.2500000E+04         5
       211   0.2500000E+04         5
       212   0.2500000E+04         5
       213   0.2500000E+04         5
       214   0.2500000E+04         5
       215   0.2500000E+04         5
       216   0.2500000E+04         5
       217   0.2500000E+04         5
       218   0.2500000E+04         5
       219   0.2500000E+04         5
       220   0.2500000E+04         5
       221   0.2500000E+04         5
       222   0.2500000E+04         5
       223   0.2500000E+04         5
       224   0.2500000E+04         5
       225   0.2500000E+04         5
       226   0.2500000E+04         5
       227   0.2500000E+04         5
       228   0.2500000E+04         5
       229   0.2500000E+04         5
       230   0.2500000E+04         5
       231   0.2500000E+04         5
       232   0.2500000E+04         5
       233   0.2500000E+04         5
       234   0.2500000E+04         5
       235   0.2500000E+04         5
       236   0.2500000E+04         5
       237   0.2500000E+04         5
       238   0.2500000E+04         5
       239   0.2500000E+04         5
       240   0.2500000E+04         5
       241   0.2500000E+04         5
       242   0.2500000E+04         5
       243   0.2500000E+04         5
       244   0.2500000E+04         5
       245   0.2500000E+04         5
       246   0.2500000E+04         5
       247   0.2500000E+04         5
       248   0.2500000E+04         5
       249   0.2500000E+04         5
       250   0.2500000E+04         5
       251   0.2500000E+04         5
       252   0.2500000E+04         5
       253   0.2500000E+04         5
       254   0.2500000E+04         5
       255   0.2500000E+04         5
       256   0.2500000E+04         5
       257   0.2500000E+04         5
       258   0.2500000E+04         5
       259   0.2500000E+04         5
       260   0.2500000E+04         5
       261   0.2500000E+04         5
       262   0.2500000E+04         5
       263   0.2500000E+04         5
       264   0.2500000E+04         5
       265   0.2500000E+04         5
       266   0.2500000E+04         5
       267   0.2500000E+04         5
       268   0.2500000E+04         5
       269   0.2500000E+04         5
       270   0.2500000E+04         5
       271   0.2500000E+04         5
       272   0.2500000E+04         5
       273   0.2500000E+04         5
       274   0.2500000E+04         5
       275   0.2500000E+04         5
       276   0.2500000E+04         5
       277   0.2500000E+04         5
       278   0.2500000E+04         5
       279   0.2500000E+04         5
       280   0.2500000E+04         5
       281   0.2500000E+04         5
       282   0.2500000E+04         5
       283   0.2500000E+04         5
       284   0.2500000E+04         5
       285   0.2500000E+04         5
       286   0.2500000E+04         5
       287   0.2500000E+04         5
       288   0.2500000E+04         5
       289   0.2500000E+04         5
       290   0.2500000E+04         5
       291   0.2500000E+04         5
       292   0.2500000E+04         5
       293   0.2500000E+04         5
       294   0.2500000E+04         5
       295   0.2500000E+04         5
       296   0.2500000E+04         5
       297   0.2500000E+04         5
       298   0.2500000E+04         5
       299   0.2500000E+04         5
       300   0.2500000E+04         5
       301   0.2500000E+04         5
       302   0.2500000E+04         5
       303   0.2500000E+04         5
       304   0.2500000E+04         5
       305   0.2500000E+04         5
       306   0.2500000E+04         5
       307   0.2500000E+04         5
       308   0.2500000E+04         5
       309   0.2500000E+04         5
       310   0.2500000E+04         5
       311   0.2500000E+04         5
       312   0.2500000E+04         5
       313   0.2500000E+04         5
       314   0.2500000E+04         5
       315   0.2500000E+04         5
       316   0.2500000E+04         5
       317   0.2500000E+04         5
       318   0.2500000E+04         5
       319   0.2500000E+04         5
       320   0.2500000E+04         5
       321   0.2500000E+04         5
       322   0.2500000E+04         5
       323   0.2500000E+04         5
       324   0.2500000E+04         5
       325   0.2500000E+04         5
       326   0.2500000E+04         5
       327   0.2500000E+04         5
       328   0.2500000E+04         5
       329   0.2500000E+04         5
       330   0.2500000E+04         5
       331   0.2500000E+04         5
       332   0.2500000E+04         5
       333   0.2500000E+04         5
       334   0.2500000E+04         5
       335   0.2500000E+04         5
       336   0.2500000E+04         5
       337   0.2500000E+04         5
       338   0.2500000E+04         5
       339   0.2500000E+04         5
       340   0.2500000E+04         5
       341   0.2500000E+04         5
       342   0.2500000E+04         5
       343   0.2500000E+04         5
       344   0.2500000E+04         5
       345   0.2500000E+04         5
       346   0.2500000E+04         5
       347   0.2500000E+04         5
       348   0.2500000E+04         5
       349   0.2500000E+04         5
       350   0.2500000E+04         5
       351   0.2500000E+04         5
       352   0.2500000E+04         5
       353   0.2500000E+04         5
       354   0.2500000E+04         5
       355   0.2500000E+04         5
       356   0.2500000E+04         5
       357   0.2500000E+04         5
       358   0.2500000E+04         5
       359   0.2500000E+04         5
       360   0.2500000E+04         5
       361   0.2500000E+04         5
       362   0.2500000E+04         5
       363   0.2500000E+04         5
       364   0.2500000E+04         5
       365   0.2500000E+04         5
       366   0.2500000E+04         5
       367   0.2500000E+04         5
       368   0.2500000E+04         5
       369   0.2500000E+04         5
       370   0.2500000E+04         5
       371   0.2500000E+04         5
       372   0.2500000E+04         5
       373   0.2500000E+04         5
       374   0.2500000E+04         5
       375   0.2500000E+04         5
       376   0.2500000E+04         5
       377   0.2500000E+04         5
       378   0.2500000E+04         5
       379   0.2500000E+04         5
       380   0.2500000E+04         5
       381   0.2500000E+04         5
       382   0.2500000E+04         5
       383   0.2500000E+04         5
       384   0.2500000E+04         5
       385   0.2500000E+04         5
       386   0.2500000E+04         5
       387   0.2500000E+04         5
       388   0.2500000E+04         5
       389   0.2500000E+04         5
       390   0.2500000E+04         5
       391   0.2500000E+04         5
       392   0.2500000E+04         5
       393   0.2500000E+04         5
       394   0.2500000E+04         5
       395   0.2500000E+04         5
       396   0.2500000E+04         5
       397   0.2500000E+04         5
       398   0.2500000E+04         5
       399   0.2500000E+04         5
       400   0.2500000E+04         5
       401   0.2500000E+04         5
       402   0.2500000E+04         5
       403   0.2500000E+04         5
       404   0.2500000E+04         5
       405   0.2500000E+04         5
       406   0.2500000E+04         5
       407   0.2500000E+04         5
       408   0.2500000E+04         5
       409   0.2500000E+04         5
       410   0.2500000E+04         5
       411   0.2500000E+04         5
       412   0.2500000E+04         5
       413   0.2500000E+04         5
       414   0.2500000E+04         5
       415   0.2500000E+04         5
       416   0.2500000E+04         5
       417   0.2500000E+04         5
       418   0.2500000E+04         5
       419   0.2500000E+04         5
       420   0.2500000E+04         5
       421   0.2500000E+04         5
       422   0.2500000E+04         5
       423   0.2500000E+04         5
       424   0.2500000E+04         5
       425   0.2500000E+04         5
       426   0.2500000E+04         5
       427   0.2500000E+04         5
       428   0.2500000E+04         5
       429   0.2500000E+04         5
       430   0.2500000E+04         5
       431   0.2500000E+04         5
       432   0.2500000E+04         5
       433   0.2500000E+04         5
       434   0.2500000E+04         5
       435   0.2500000E+04         5
       436   0.2500000E+04         5
       437   0.2500000E+04         5
       438   0.2500000E+04         5
       439   0.2500000E+04         5
       440   0.2500000E+04         5
       441   0.2500000E+04         5
       442   0.2500000E+04         5
       443   0.2500000E+04         5
       444   0.2500000E+04         5
       445   0.2500000E+04         5
       446   0.2500000E+04         5
       447   0.2500000E+04         5
       448   0.2500000E+04         5
       449   0.2500000E+04         5
       450   0.2500000E+04         5
       451   0.2500000E+04         5
       452   0.2500000E+04         5
       453   0.2500000E+04         5
       454   0.2500000E+04         5
       455   0.2500000E+04         5
       456   0.2500000E+04         5
       457   0.2500000E+04         5
       458   0.2500000E+04         5
       459   0.2500000E+04         5
       460   0.2500000E+04         5
       461   0.2500000E+04         5
       462   0.2500000E+04         5
       463   0.2500000E+04         5
       464   0.2500000E+04         5
       465   0.2500000E+04         5
       466   0.2500000E+04         5
       467   0.2500000E+04         5
       468   0.2500000E+04         5
       469   0.2500000E+04         5
       470   0.2500000E+04         5
       471   0.2500000E+04         5
       472   0.2500000E+04         5
       473   0.2500000E+04         5
       474   0.2500000E+04         5
       475   0.2500000E+04         5
       476   0.2500000E+04         5
       477   0.2500000E+04         5
       478   0.2500000E+04         5
       479   0.2500000E+04         5
       480   0.2500000E+04         5
       481   0.2500000E+04         5
       482   0.2500000E+04         5
       483   0.2500000E+04         5
       484   0.2500000E+04         5
       485   0.2500000E+04         5
       486   0.2500000E+04         5
       487   0.2500000E+04         5
       488   0.2500000E+04         5
       489   0.2500000E+04         5
       490   0.2500000E+04         5
       491   0.2500000E+04         5
       492   0.2500000E+04         5
       493   0.2500000E+04         5
       494   0.2500000E+04         5
       495   0.2500000E+04         5
       496   0.2500000E+04         5
       497   0.2500000E+04         5
       498   0.2500000E+04         5
       499   0.2500000E+04         5
       500   0.2500000E+04         5
       501   0.2500000E+04         5
       502   0.2500000E+04         5
       503   0.2500000E+04         5
       504   0.2500000E+04         5
       505   0.2500000E+04         5
       506   0.2500000E+04         5
       507   0.2500000E+04         5
       508   0.2500000E+04         5
       509   0.2500000E+04         5
       510   0.2500000E+04         5
       511   0.2500000E+04         5
       512   0.2500000E+04         5
       513   0.2500000E+04         5
       514   0.2500000E+04         5
       515   0.2500000E+04         5
       516   0.2500000E+04         5
       517   0.2500000E+04         5
       518   0.2500000E+04         5
       519   0.2500000E+04         5
       520   0.2500000E+04         5
       521   0.2500000E+04         5
       522   0.2500000E+04         5
       523   0.2500000E+04         5
       524   0.2500000E+04         5
       525   0.2500000E+04         5
       526   0.2500000E+04         5
       527   0.2500000E+04         5
       528   0.2500000E+04         5
       529   0.2500000E+04         5
       530   0.2500000E+04         5
       531   0.2500000E+04         5
       532   0.2500000E+04         5
       533   0.2500000E+04         5
       534   0.2500000E+04         5
       535   0.2500000E+04         5
       536   0.2500000E+04         5
       537   0.2500000E+04         5
       538   0.2500000E+04         5
       539   0.2500000E+04         5
       540   0.2500000E+04         5
       541   0.2500000E+04         5
       542   0.2500000E+04         5
       543   0.2500000E+04         5
       544   0.2500000E+04         5
       545   0.2500000E+04         5
       546   0.2500000E+04         5
       547   0.2500000E+04         5
       548   0.2500000E+04         5
       549   0.2500000E+04         5
       550   0.2500000E+04         5
       551   0.2500000E+04         5
       552   0.2500000E+04         5
       553   0.2500000E+04         5
       554   0.2500000E+04         5
       555   0.2500000E+04         5
       556   0.2500000E+04         5
       557   0.2500000E+04         5
       558   0.2500000E+04         5
       559   0.2500000E+04         5
       560   0.2500000E+04         5
       561   0.2500000E+04         5
       562   0.2500000E+04         5
       563   0.2500000E+04         5
       564   0.2500000E+04         5
       565   0.2500000E+04         5
       566   0.2500000E+04         5
       567   0.2500000E+04         5
       568   0.2500000E+04         5
       569   0.2500000E+04         5
       570   0.2500000E+04         5
       571   0.2500000E+04         5
       572   0.2500000E+04         5
       573   0.2500000E+04         5
       574   0.2500000E+04         5
       575   0.2500000E+04         5
       576   0.2500000E+04         5
       577   0.2500000E+04         5
       578   0.2500000E+04         5
       579   0.2500000E+04         5
       580   0.2500000E+04         5
       581   0.2500000E+04         5
       582   0.2500000E+04         5
       583   0.2500000E+04         5
       584   0.2500000E+04         5
       585   0.2500000E+04         5
       586   0.2500000E+04         5
       587   0.2500000E+04         5
       588   0.2500000E+04         5
       589   0.2500000E+04         5
       590   0.2500000E+04         5
       591   0.2500000E+04         5
       592   0.2500000E+04         5
       593   0.2500000E+04         5
       594   0.2500000E+04         5
       595   0.2500000E+04         5
       596   0.2500000E+04         5
       597   0.2500000E+04         5
       598   0.2500000E+04         5
       599   0.2500000E+04         5
       600   0.2500000E+04         5
       601   0.2500000E+04         5
       602   0.2500000E+04         5
       603   0.2500000E+04         5
       604   0.2500000E+04         5
       605   0.2500000E+04         5
       606   0.2500000E+04         5
       607   0.2500000E+04         5
       608   0.2500000E+04         5
       609   0.2500000E+04         5
       610   0.2500000E+04         5
       611   0.2500000E+04         5
       612   0.2500000E+04         5
       613   0.2500000E+04         5
       614   0.2500000E+04         5
       615   0.2500000E+04         5
       616   0.2500000E+04         5
       617   0.2500000E+04         5
       618   0.2500000E+04         5
       619   0.2500000E+04         5
       620   0.2500000E+04         5
       621   0.2500000E+04         5
       622   0.2500000E+04         5
       623   0.2500000E+04         5
       624   0.2500000E+04         5
       625   0.2500000E+04         5
       626   0.2500000E+04         5
       627   0.2500000E+04         5
       628   0.2500000E+04         5
       629   0.2500000E+04         5
       630   0.2500000E+04         5
       631   0.2500000E+04         5
       632   0.2500000E+04         5
       633   0.2500000E+04         5
       634   0.2500000E+04         5
       635   0.2500000E+04         5
       636   0.2500000E+04         5
       637   0.2500000E+04         5
       638   0.2500000E+04         5
       639   0.2500000E+04         5
       640   0.2500000E+04         5
       641   0.2500000E+04         5
       642   0.2500000E+04         5
       643   0.2500000E+04         5
       644   0.2500000E+04         5
       645   0.2500000E+04         5
       646   0.2500000E+04         5
       647   0.2500000E+04         5
       648   0.2500000E+04         5
       649   0.2500000E+04         5
       650   0.2500000E+04         5
       651   0.2500000E+04         5
       652   0.2500000E+04         5
       653   0.2500000E+04         5
       654   0.2500000E+04         5
       655   0.2500000E+04         5
       656   0.2500000E+04         5
       657   0.2500000E+04         5
       658   0.2500000E+04         5
       659   0.2500000E+04         5
       660   0.2500000E+04         5
       661   0.2500000E+04         5
       662   0.2500000E+04         5
       663   0.2500000E+04         5
       664   0.2500000E+04         5
       665   0.2500000E+04         5
       666   0.2500000E+04         5
       667   0.2500000E+04         5
       668   0.2500000E+04         5
       669   0.2500000E+04         5
       670   0.2500000E+04         5
       671   0.2500000E+04         5
       672   0.2500000E+04         5
       673   0.2500000E+04         5
       674   0.2500000E+04         5
       675   0.2500000E+04         5
       676   0.2500000E+04         5
       677   0.2500000E+04         5
       678   0.2500000E+04         5
       679   0.2500000E+04         5
       680   0.2500000E+04         5
       681   0.2500000E+04         5
       682   0.2500000E+04         5
       683   0.2500000E+04         5
       684   0.2500000E+04         5
       685   0.2500000E+04         5
       686   0.2500000E+04         5
       687   0.2500000E+04         5
       688   0.2500000E+04         5
       689   0.2500000E+04         5
       690   0.2500000E+04         5
       691   0.2500000E+04         5
       692   0.2500000E+04         5
       693   0.2500000E+04         5
       694   0.2500000E+04         5
       695   0.2500000E+04         5
       696   0.2500000E+04         5
       697   0.2500000E+04         5
       698   0.2500000E+04         5
       699   0.2500000E+04         5
       700   0.2500000E+04         5
       701   0.2500000E+04         5
       702   0.2500000E+04         5
       703   0.2500000E+04         5
       704   0.2500000E+04         5
       705   0.2500000E+04         5
       706   0.2500000E+04         5
       707   0.2500000E+04         5
       708   0.2500000E+04         5
       709   0.2500000E+04         5
       710   0.2500000E+04         5
       711   0.2500000E+04         5
       712   0.2500000E+04         5
       713   0.2500000E+04         5
       714   0.2500000E+04         5
       715   0.2500000E+04         5
       716   0.2500000E+04         5
       717   0.2500000E+04         5
       718   0.2500000E+04         5
       719   0.2500000E+04         5
       720   0.2500000E+04         5
       721   0.2500000E+04         5
       722   0.2500000E+04         5
       723   0.2500000E+04         5
       724   0.2500000E+04         5
       725   0.2500000E+04         5
       726   0.2500000E+04         5
       727   0.2500000E+04         5
       728   0.2500000E+04         5
       729   0.2500000E+04         5
       730   0.2500000E+04         5
       731   0.2500000E+04         5
       732   0.2500000E+04         5
       733   0.2500000E+04         5
       734   0.2500000E+04         5
       735   0.2500000E+04         5
       736   0.2500000E+04         5
       737   0.2500000E+04         5
       738   0.2500000E+04         5
       739   0.2500000E+04         5
       740   0.2500000E+04         5
       741   0.2500000E+04         5
       742   0.2500000E+04         5
       743   0.2500000E+04         5
       744   0.2500000E+04         5
       745   0.2500000E+04         5
       746   0.2500000E+04         5
       747   0.2500000E+04         5
       748   0.2500000E+04         5
       749   0.2500000E+04         5
       750   0.2500000E+04         5
       751   0.2500000E+04         5
       752   0.2500000E+04         5
       753   0.2500000E+04         5
       754   0.2500000E+04         5
       755   0.2500000E+04         5
       756   0.2500000E+04         5
       757   0.2500000E+04         5
       758   0.2500000E+04         5
       759   0.2500000E+04         5
       760   0.2500000E+04         5
       761   0.2500000E+04         5
       762   0.2500000E+04         5
       763   0.2500000E+04         5
       764   0.2500000E+04         5
       765   0.2500000E+04         5
       766   0.2500000E+04         5
       767   0.2500000E+04         5
       768   0.2500000E+04         5
       769   0.2500000E+04         5
       770   0.2500000E+04         5
