no,fraction,system
         1   0.2500000E+04         3
         2   0.2500000E+04         3
         3   0.2500000E+04         3
         4   0.2500000E+04         3
         5   0.2500000E+04         3
         6   0.2500000E+04         3
         7   0.2500000E+04         3
         8   0.2500000E+04         3
         9   0.2500000E+04         3
        10   0.2500000E+04         3
        11   0.2500000E+04         3
        12   0.2500000E+04         3
        13   0.2500000E+04         3
        14   0.2500000E+04         3
        15   0.2500000E+04         3
        16   0.2500000E+04         3
        17   0.2500000E+04         3
        18   0.2500000E+04         3
        19   0.2500000E+04         3
        20   0.2500000E+04         3
        21   0.2500000E+04         3
        22   0.2500000E+04         3
        23   0.2500000E+04         3
        24   0.2500000E+04         3
        25   0.2500000E+04         3
        26   0.2500000E+04         3
        27   0.2500000E+04         3
        28   0.2500000E+04         3
        29   0.2500000E+04         3
        30   0.2500000E+04         3
        31   0.2500000E+04         3
        32   0.2500000E+04         3
        33   0.2500000E+04         3
        34   0.2500000E+04         3
        35   0.2500000E+04         3
        36   0.2500000E+04         3
        37   0.2500000E+04         3
        38   0.2500000E+04         3
        39   0.2500000E+04         3
        40   0.2500000E+04         3
        41   0.2500000E+04         3
        42   0.2500000E+04         3
        43   0.2500000E+04         3
        44   0.2500000E+04         3
        45   0.2500000E+04         3
        46   0.2500000E+04         3
        47   0.2500000E+04         3
        48   0.2500000E+04         3
        49   0.2500000E+04         3
        50   0.2500000E+04         3
        51   0.2500000E+04         3
        52   0.2500000E+04         3
        53   0.2500000E+04         3
        54   0.2500000E+04         3
        55   0.2500000E+04         3
        56   0.2500000E+04         3
        57   0.2500000E+04         3
        58   0.2500000E+04         3
        59   0.2500000E+04         3
        60   0.2500000E+04         3
        61   0.2500000E+04         3
        62   0.2500000E+04         3
        63   0.2500000E+04         3
        64   0.2500000E+04         3
        65   0.2500000E+04         3
        66   0.2500000E+04         3
        67   0.2500000E+04         3
        68   0.2500000E+04         3
        69   0.2500000E+04         3
        70   0.2500000E+04         3
        71   0.2500000E+04         3
        72   0.2500000E+04         3
        73   0.2500000E+04         3
        74   0.2500000E+04         3
        75   0.2500000E+04         3
        76   0.2500000E+04         3
        77   0.2500000E+04         3
        78   0.2500000E+04         3
        79   0.2500000E+04         3
        80   0.2500000E+04         3
        81   0.2500000E+04         3
        82   0.2500000E+04         3
        83   0.2500000E+04         3
        84   0.2500000E+04         3
        85   0.2500000E+04         3
        86   0.2500000E+04         3
        87   0.2500000E+04         3
        88   0.2500000E+04         3
        89   0.2500000E+04         3
        90   0.2500000E+04         3
        91   0.2500000E+04         3
        92   0.2500000E+04         3
        93   0.2500000E+04         3
        94   0.2500000E+04         3
        95   0.2500000E+04         3
        96   0.2500000E+04         3
        97   0.2500000E+04         3
        98   0.2500000E+04         3
        99   0.2500000E+04         3
       100   0.2500000E+04         3
       101   0.2500000E+04         3
       102   0.2500000E+04         3
       103   0.2500000E+04         3
       104   0.2500000E+04         3
       105   0.2500000E+04         3
       106   0.2500000E+04         3
       107   0.2500000E+04         3
       108   0.2500000E+04         3
       109   0.2500000E+04         3
       110   0.2500000E+04         3
       111   0.2500000E+04         3
       112   0.2500000E+04         3
       113   0.2500000E+04         3
       114   0.2500000E+04         3
       115   0.2500000E+04         3
       116   0.2500000E+04         3
       117   0.2500000E+04         3
       118   0.2500000E+04         3
       119   0.2500000E+04         3
       120   0.2500000E+04         3
       121   0.2500000E+04         3
       122   0.2500000E+04         3
       123   0.2500000E+04         3
       124   0.2500000E+04         3
       125   0.2500000E+04         3
       126   0.2500000E+04         3
       127   0.2500000E+04         3
       128   0.2500000E+04         3
       129   0.2500000E+04         3
       130   0.2500000E+04         3
       131   0.2500000E+04         3
       132   0.2500000E+04         3
       133   0.2500000E+04         3
       134   0.2500000E+04         3
       135   0.2500000E+04         3
       136   0.2500000E+04         3
       137   0.2500000E+04         3
       138   0.2500000E+04         3
       139   0.2500000E+04         3
       140   0.2500000E+04         3
       141   0.2500000E+04         3
       142   0.2500000E+04         3
       143   0.2500000E+04         3
       144   0.2500000E+04         3
       145   0.2500000E+04         3
       146   0.2500000E+04         3
       147   0.2500000E+04         3
       148   0.2500000E+04         3
       149   0.2500000E+04         3
       150   0.2500000E+04         3
       151   0.2500000E+04         3
       152   0.2500000E+04         3
       153   0.2500000E+04         3
       154   0.2500000E+04         3
       155   0.2500000E+04         3
       156   0.2500000E+04         3
       157   0.2500000E+04         3
       158   0.2500000E+04         3
       159   0.2500000E+04         3
       160   0.2500000E+04         3
       161   0.2500000E+04         3
       162   0.2500000E+04         3
       163   0.2500000E+04         3
       164   0.2500000E+04         3
       165   0.2500000E+04         3
       166   0.2500000E+04         3
       167   0.2500000E+04         3
       168   0.2500000E+04         3
       169   0.2500000E+04         3
       170   0.2500000E+04         3
       171   0.2500000E+04         3
       172   0.2500000E+04         3
       173   0.2500000E+04         3
       174   0.2500000E+04         3
       175   0.2500000E+04         3
       176   0.2500000E+04         3
       177   0.2500000E+04         3
       178   0.2500000E+04         3
       179   0.2500000E+04         3
       180   0.2500000E+04         3
       181   0.2500000E+04         3
       182   0.2500000E+04         3
       183   0.2500000E+04         3
       184   0.2500000E+04         3
       185   0.2500000E+04         3
       186   0.2500000E+04         3
       187   0.2500000E+04         3
       188   0.2500000E+04         3
       189   0.2500000E+04         3
       190   0.2500000E+04         3
       191   0.2500000E+04         3
       192   0.2500000E+04         3
       193   0.2500000E+04         3
       194   0.2500000E+04         3
       195   0.2500000E+04         3
       196   0.2500000E+04         3
       197   0.2500000E+04         3
       198   0.2500000E+04         3
       199   0.2500000E+04         3
       200   0.2500000E+04         3
       201   0.2500000E+04         3
       202   0.2500000E+04         3
       203   0.2500000E+04         3
       204   0.2500000E+04         3
       205   0.2500000E+04         3
       206   0.2500000E+04         3
       207   0.2500000E+04         3
       208   0.2500000E+04         3
       209   0.2500000E+04         3
       210   0.2500000E+04         3
       211   0.2500000E+04         3
       212   0.2500000E+04         3
       213   0.2500000E+04         3
       214   0.2500000E+04         3
       215   0.2500000E+04         3
       216   0.2500000E+04         3
       217   0.2500000E+04         3
       218   0.2500000E+04         3
       219   0.2500000E+04         3
       220   0.2500000E+04         3
       221   0.2500000E+04         3
       222   0.2500000E+04         3
       223   0.2500000E+04         3
       224   0.2500000E+04         3
       225   0.2500000E+04         3
       226   0.2500000E+04         3
       227   0.2500000E+04         3
       228   0.2500000E+04         3
       229   0.2500000E+04         3
       230   0.2500000E+04         3
       231   0.2500000E+04         3
       232   0.2500000E+04         3
       233   0.2500000E+04         3
       234   0.2500000E+04         3
       235   0.2500000E+04         3
       236   0.2500000E+04         3
       237   0.2500000E+04         3
       238   0.2500000E+04         3
       239   0.2500000E+04         3
       240   0.2500000E+04         3
       241   0.2500000E+04         3
       242   0.2500000E+04         3
       243   0.2500000E+04         3
       244   0.2500000E+04         3
       245   0.2500000E+04         3
       246   0.2500000E+04         3
       247   0.2500000E+04         3
       248   0.2500000E+04         3
       249   0.2500000E+04         3
       250   0.2500000E+04         3
       251   0.2500000E+04         3
       252   0.2500000E+04         3
       253   0.2500000E+04         3
       254   0.2500000E+04         3
       255   0.2500000E+04         3
       256   0.2500000E+04         3
       257   0.2500000E+04         3
       258   0.2500000E+04         3
       259   0.2500000E+04         3
       260   0.2500000E+04         3
       261   0.2500000E+04         3
       262   0.2500000E+04         3
       263   0.2500000E+04         3
       264   0.2500000E+04         3
       265   0.2500000E+04         3
       266   0.2500000E+04         3
       267   0.2500000E+04         3
       268   0.2500000E+04         3
       269   0.2500000E+04         3
       270   0.2500000E+04         3
       271   0.2500000E+04         3
       272   0.2500000E+04         3
       273   0.2500000E+04         3
       274   0.2500000E+04         3
       275   0.2500000E+04         3
       276   0.2500000E+04         3
       277   0.2500000E+04         3
       278   0.2500000E+04         3
       279   0.2500000E+04         3
       280   0.2500000E+04         3
       281   0.2500000E+04         3
       282   0.2500000E+04         3
       283   0.2500000E+04         3
       284   0.2500000E+04         3
       285   0.2500000E+04         3
       286   0.2500000E+04         3
       287   0.2500000E+04         3
       288   0.2500000E+04         3
       289   0.2500000E+04         3
       290   0.2500000E+04         3
       291   0.2500000E+04         3
       292   0.2500000E+04         3
       293   0.2500000E+04         3
       294   0.2500000E+04         3
       295   0.2500000E+04         3
       296   0.2500000E+04         3
       297   0.2500000E+04         3
       298   0.2500000E+04         3
       299   0.2500000E+04         3
       300   0.2500000E+04         3
       301   0.2500000E+04         3
       302   0.2500000E+04         3
       303   0.2500000E+04         3
       304   0.2500000E+04         3
       305   0.2500000E+04         3
       306   0.2500000E+04         3
       307   0.2500000E+04         3
       308   0.2500000E+04         3
       309   0.2500000E+04         3
       310   0.2500000E+04         3
       311   0.2500000E+04         3
       312   0.2500000E+04         3
       313   0.2500000E+04         3
       314   0.2500000E+04         3
       315   0.2500000E+04         3
       316   0.2500000E+04         3
       317   0.2500000E+04         3
       318   0.2500000E+04         3
       319   0.2500000E+04         3
       320   0.2500000E+04         3
       321   0.2500000E+04         3
       322   0.2500000E+04         3
       323   0.2500000E+04         3
       324   0.2500000E+04         3
       325   0.2500000E+04         3
       326   0.2500000E+04         3
       327   0.2500000E+04         3
       328   0.2500000E+04         3
       329   0.2500000E+04         3
       330   0.2500000E+04         3
       331   0.2500000E+04         3
       332   0.2500000E+04         3
       333   0.2500000E+04         3
       334   0.2500000E+04         3
       335   0.2500000E+04         3
       336   0.2500000E+04         3
       337   0.2500000E+04         3
       338   0.2500000E+04         3
       339   0.2500000E+04         3
       340   0.2500000E+04         3
       341   0.2500000E+04         3
       342   0.2500000E+04         3
       343   0.2500000E+04         3
       344   0.2500000E+04         3
       345   0.2500000E+04         3
       346   0.2500000E+04         3
       347   0.2500000E+04         3
       348   0.2500000E+04         3
       349   0.2500000E+04         3
       350   0.2500000E+04         3
       351   0.2500000E+04         3
       352   0.2500000E+04         3
       353   0.2500000E+04         3
       354   0.2500000E+04         3
       355   0.2500000E+04         3
       356   0.2500000E+04         3
       357   0.2500000E+04         3
       358   0.2500000E+04         3
       359   0.2500000E+04         3
       360   0.2500000E+04         3
       361   0.2500000E+04         3
       362   0.2500000E+04         3
       363   0.2500000E+04         3
       364   0.2500000E+04         3
       365   0.2500000E+04         3
       366   0.2500000E+04         3
       367   0.2500000E+04         3
       368   0.2500000E+04         3
       369   0.2500000E+04         3
       370   0.2500000E+04         3
       371   0.2500000E+04         3
       372   0.2500000E+04         3
       373   0.2500000E+04         3
       374   0.2500000E+04         3
       375   0.2500000E+04         3
       376   0.2500000E+04         3
       377   0.2500000E+04         3
       378   0.2500000E+04         3
       379   0.2500000E+04         3
       380   0.2500000E+04         3
       381   0.2500000E+04         3
       382   0.2500000E+04         3
       383   0.2500000E+04         3
       384   0.2500000E+04         3
       385   0.2500000E+04         3
       386   0.2500000E+04         3
       387   0.2500000E+04         3
       388   0.2500000E+04         3
       389   0.2500000E+04         3
       390   0.2500000E+04         3
       391   0.2500000E+04         3
       392   0.2500000E+04         3
       393   0.2500000E+04         3
       394   0.2500000E+04         3
       395   0.2500000E+04         3
       396   0.2500000E+04         3
       397   0.2500000E+04         3
       398   0.2500000E+04         3
       399   0.2500000E+04         3
       400   0.2500000E+04         3
       401   0.2500000E+04         3
       402   0.2500000E+04         3
       403   0.2500000E+04         3
       404   0.2500000E+04         3
       405   0.2500000E+04         3
       406   0.2500000E+04         3
       407   0.2500000E+04         3
       408   0.2500000E+04         3
       409   0.2500000E+04         3
       410   0.2500000E+04         3
       411   0.2500000E+04         3
       412   0.2500000E+04         3
       413   0.2500000E+04         3
       414   0.2500000E+04         3
       415   0.2500000E+04         3
       416   0.2500000E+04         3
       417   0.2500000E+04         3
       418   0.2500000E+04         3
       419   0.2500000E+04         3
       420   0.2500000E+04         3
       421   0.2500000E+04         3
       422   0.2500000E+04         3
       423   0.2500000E+04         3
       424   0.2500000E+04         3
       425   0.2500000E+04         3
       426   0.2500000E+04         3
       427   0.2500000E+04         3
       428   0.2500000E+04         3
       429   0.2500000E+04         3
       430   0.2500000E+04         3
       431   0.2500000E+04         3
       432   0.2500000E+04         3
       433   0.2500000E+04         3
       434   0.2500000E+04         3
       435   0.2500000E+04         3
       436   0.2500000E+04         3
       437   0.2500000E+04         3
       438   0.2500000E+04         3
       439   0.2500000E+04         3
       440   0.2500000E+04         3
       441   0.2500000E+04         3
       442   0.2500000E+04         3
       443   0.2500000E+04         3
       444   0.2500000E+04         3
       445   0.2500000E+04         3
       446   0.2500000E+04         3
       447   0.2500000E+04         3
       448   0.2500000E+04         3
       449   0.2500000E+04         3
       450   0.2500000E+04         3
       451   0.2500000E+04         3
       452   0.2500000E+04         3
       453   0.2500000E+04         3
       454   0.2500000E+04         3
       455   0.2500000E+04         3
       456   0.2500000E+04         3
       457   0.2500000E+04         3
       458   0.2500000E+04         3
       459   0.2500000E+04         3
       460   0.2500000E+04         3
       461   0.2500000E+04         3
       462   0.2500000E+04         3
       463   0.2500000E+04         3
       464   0.2500000E+04         3
       465   0.2500000E+04         3
       466   0.2500000E+04         3
       467   0.2500000E+04         3
       468   0.2500000E+04         3
       469   0.2500000E+04         3
       470   0.2500000E+04         3
       471   0.2500000E+04         3
       472   0.2500000E+04         3
       473   0.2500000E+04         3
       474   0.2500000E+04         3
       475   0.2500000E+04         3
       476   0.2500000E+04         3
       477   0.2500000E+04         3
       478   0.2500000E+04         3
       479   0.2500000E+04         3
       480   0.2500000E+04         3
       481   0.2500000E+04         3
       482   0.2500000E+04         3
       483   0.2500000E+04         3
       484   0.2500000E+04         3
       485   0.2500000E+04         3
       486   0.2500000E+04         3
       487   0.2500000E+04         3
       488   0.2500000E+04         3
       489   0.2500000E+04         3
       490   0.2500000E+04         3
       491   0.2500000E+04         3
       492   0.2500000E+04         3
       493   0.2500000E+04         3
       494   0.2500000E+04         3
       495   0.2500000E+04         3
       496   0.2500000E+04         3
       497   0.2500000E+04         3
       498   0.2500000E+04         3
       499   0.2500000E+04         3
       500   0.2500000E+04         3
       501   0.2500000E+04         3
       502   0.2500000E+04         3
       503   0.2500000E+04         3
       504   0.2500000E+04         3
       505   0.2500000E+04         3
       506   0.2500000E+04         3
       507   0.2500000E+04         3
       508   0.2500000E+04         3
       509   0.2500000E+04         3
       510   0.2500000E+04         3
       511   0.2500000E+04         3
       512   0.2500000E+04         3
       513   0.2500000E+04         3
       514   0.2500000E+04         3
       515   0.2500000E+04         3
       516   0.2500000E+04         3
       517   0.2500000E+04         3
       518   0.2500000E+04         3
       519   0.2500000E+04         3
       520   0.2500000E+04         3
       521   0.2500000E+04         3
       522   0.2500000E+04         3
       523   0.2500000E+04         3
       524   0.2500000E+04         3
       525   0.2500000E+04         3
       526   0.2500000E+04         3
       527   0.2500000E+04         3
       528   0.2500000E+04         3
       529   0.2500000E+04         3
       530   0.2500000E+04         3
       531   0.2500000E+04         3
       532   0.2500000E+04         3
       533   0.2500000E+04         3
       534   0.2500000E+04         3
       535   0.2500000E+04         3
       536   0.2500000E+04         3
       537   0.2500000E+04         3
       538   0.2500000E+04         3
       539   0.2500000E+04         3
       540   0.2500000E+04         3
       541   0.2500000E+04         3
       542   0.2500000E+04         3
       543   0.2500000E+04         3
       544   0.2500000E+04         3
       545   0.2500000E+04         3
       546   0.2500000E+04         3
       547   0.2500000E+04         3
       548   0.2500000E+04         3
       549   0.2500000E+04         3
       550   0.2500000E+04         3
       551   0.2500000E+04         3
       552   0.2500000E+04         3
       553   0.2500000E+04         3
       554   0.2500000E+04         3
       555   0.2500000E+04         3
       556   0.2500000E+04         3
       557   0.2500000E+04         3
       558   0.2500000E+04         3
       559   0.2500000E+04         3
       560   0.2500000E+04         3
       561   0.2500000E+04         3
       562   0.2500000E+04         3
       563   0.2500000E+04         3
       564   0.2500000E+04         3
       565   0.2500000E+04         3
       566   0.2500000E+04         3
       567   0.2500000E+04         3
       568   0.2500000E+04         3
       569   0.2500000E+04         3
       570   0.2500000E+04         3
       571   0.2500000E+04         3
       572   0.2500000E+04         3
       573   0.2500000E+04         3
       574   0.2500000E+04         3
       575   0.2500000E+04         3
       576   0.2500000E+04         3
       577   0.2500000E+04         3
       578   0.2500000E+04         3
       579   0.2500000E+04         3
       580   0.2500000E+04         3
       581   0.2500000E+04         3
       582   0.2500000E+04         3
       583   0.2500000E+04         3
       584   0.2500000E+04         3
       585   0.2500000E+04         3
       586   0.2500000E+04         3
       587   0.2500000E+04         3
       588   0.2500000E+04         3
       589   0.2500000E+04         3
       590   0.2500000E+04         3
       591   0.2500000E+04         3
       592   0.2500000E+04         3
       593   0.2500000E+04         3
       594   0.2500000E+04         3
       595   0.2500000E+04         3
       596   0.2500000E+04         3
       597   0.2500000E+04         3
       598   0.2500000E+04         3
       599   0.2500000E+04         3
       600   0.2500000E+04         3
       601   0.2500000E+04         3
       602   0.2500000E+04         3
       603   0.2500000E+04         3
       604   0.2500000E+04         3
       605   0.2500000E+04         3
       606   0.2500000E+04         3
       607   0.2500000E+04         3
       608   0.2500000E+04         3
       609   0.2500000E+04         3
       610   0.2500000E+04         3
       611   0.2500000E+04         3
       612   0.2500000E+04         3
       613   0.2500000E+04         3
       614   0.2500000E+04         3
       615   0.2500000E+04         3
       616   0.2500000E+04         3
       617   0.2500000E+04         3
       618   0.2500000E+04         3
       619   0.2500000E+04         3
       620   0.2500000E+04         3
       621   0.2500000E+04         3
       622   0.2500000E+04         3
       623   0.2500000E+04         3
       624   0.2500000E+04         3
       625   0.2500000E+04         3
       626   0.2500000E+04         3
       627   0.2500000E+04         3
       628   0.2500000E+04         3
       629   0.2500000E+04         3
       630   0.2500000E+04         3
       631   0.2500000E+04         3
       632   0.2500000E+04         3
       633   0.2500000E+04         3
       634   0.2500000E+04         3
       635   0.2500000E+04         3
       636   0.2500000E+04         3
       637   0.2500000E+04         3
       638   0.2500000E+04         3
       639   0.2500000E+04         3
       640   0.2500000E+04         3
       641   0.2500000E+04         3
       642   0.2500000E+04         3
       643   0.2500000E+04         3
       644   0.2500000E+04         3
       645   0.2500000E+04         3
       646   0.2500000E+04         3
       647   0.2500000E+04         3
       648   0.2500000E+04         3
       649   0.2500000E+04         3
       650   0.2500000E+04         3
       651   0.2500000E+04         3
       652   0.2500000E+04         3
       653   0.2500000E+04         3
       654   0.2500000E+04         3
       655   0.2500000E+04         3
       656   0.2500000E+04         3
       657   0.2500000E+04         3
       658   0.2500000E+04         3
       659   0.2500000E+04         3
       660   0.2500000E+04         3
       661   0.2500000E+04         3
       662   0.2500000E+04         3
       663   0.2500000E+04         3
       664   0.2500000E+04         3
       665   0.2500000E+04         3
       666   0.2500000E+04         3
       667   0.2500000E+04         3
       668   0.2500000E+04         3
       669   0.2500000E+04         3
       670   0.2500000E+04         3
       671   0.2500000E+04         3
       672   0.2500000E+04         3
       673   0.2500000E+04         3
       674   0.2500000E+04         3
       675   0.2500000E+04         3
       676   0.2500000E+04         3
       677   0.2500000E+04         3
       678   0.2500000E+04         3
       679   0.2500000E+04         3
       680   0.2500000E+04         3
       681   0.2500000E+04         3
       682   0.2500000E+04         3
       683   0.2500000E+04         3
       684   0.2500000E+04         3
       685   0.2500000E+04         3
       686   0.2500000E+04         3
       687   0.2500000E+04         3
       688   0.2500000E+04         3
       689   0.2500000E+04         3
       690   0.2500000E+04         3
       691   0.2500000E+04         3
       692   0.2500000E+04         3
       693   0.2500000E+04         3
       694   0.2500000E+04         3
       695   0.2500000E+04         3
       696   0.2500000E+04         3
       697   0.2500000E+04         3
       698   0.2500000E+04         3
       699   0.2500000E+04         3
       700   0.2500000E+04         3
       701   0.2500000E+04         3
       702   0.2500000E+04         3
       703   0.2500000E+04         3
       704   0.2500000E+04         3
       705   0.2500000E+04         3
       706   0.2500000E+04         3
       707   0.2500000E+04         3
       708   0.2500000E+04         3
       709   0.2500000E+04         3
       710   0.2500000E+04         3
       711   0.2500000E+04         3
       712   0.2500000E+04         3
       713   0.2500000E+04         3
       714   0.2500000E+04         3
       715   0.2500000E+04         3
       716   0.2500000E+04         3
       717   0.2500000E+04         3
       718   0.2500000E+04         3
       719   0.2500000E+04         3
       720   0.2500000E+04         3
       721   0.2500000E+04         3
       722   0.2500000E+04         3
       723   0.2500000E+04         3
       724   0.2500000E+04         3
       725   0.2500000E+04         3
       726   0.2500000E+04         3
       727   0.2500000E+04         3
       728   0.2500000E+04         3
       729   0.2500000E+04         3
       730   0.2500000E+04         3
       731   0.2500000E+04         3
       732   0.2500000E+04         3
       733   0.2500000E+04         3
       734   0.2500000E+04         3
       735   0.2500000E+04         3
       736   0.2500000E+04         3
       737   0.2500000E+04         3
       738   0.2500000E+04         3
       739   0.2500000E+04         3
       740   0.2500000E+04         3
       741   0.2500000E+04         3
       742   0.2500000E+04         3
       743   0.2500000E+04         3
       744   0.2500000E+04         3
       745   0.2500000E+04         3
       746   0.2500000E+04         3
       747   0.2500000E+04         3
       748   0.2500000E+04         3
       749   0.2500000E+04         3
       750   0.2500000E+04         3
       751   0.2500000E+04         3
       752   0.2500000E+04         3
       753   0.2500000E+04         3
       754   0.2500000E+04         3
       755   0.2500000E+04         3
       756   0.2500000E+04         3
       757   0.2500000E+04         3
       758   0.2500000E+04         3
       759   0.2500000E+04         3
       760   0.2500000E+04         3
       761   0.2500000E+04         3
       762   0.2500000E+04         3
       763   0.2500000E+04         3
       764   0.2500000E+04         3
       765   0.2500000E+04         3
       766   0.2500000E+04         3
       767   0.2500000E+04         3
       768   0.2500000E+04         3
       769   0.2500000E+04         3
       770   0.2500000E+04         3
